S. ANTONII LEGENDA PRIMA

Mais 666166661166 6616616166 161116666666 166 6166
16616166611166 66 66116 16666661

1661 6611616, 61 6666 1661611611 11161 66 66661661666
6611661666, 11 16111 66161 16 666 66 61666 66666666
1616166611661161116116 (16116 16 661116 biographique 6616
legenda prima. Celui (611 66116661611 6 y 1166161
16666166 quelques-uns (16666 prodigos 1616666661 161·-
1666166166166 6616 66 ((1116661616166», grace 6 16611
11166616 61 66 Liber 11111661116111111, 6116 61 11111161116
6616616, 661611 6116116616661 66611. 1161111666 66616166
66 66111611 qui 16 616116 6 16 gorgo 61 (616 66 611616 6161
66 16116, 16 6166116116, 66666111616661 obscure, qu'il
16116616 616116 1611116 66 Ρ66666, 666 661666 66 16661661
66616166, 116116 166 6661616116 661116161616, (mle 1116116111,
(1661 16 66161, (1666666 pagos, 66116 116166 ¹.

ll 66611611166666161 (616 16 legenda 61111111 61666616
(1666 16 66116 66 666 166116, 6661666666 66611661 666166
16 61166666166 611166616611616, 11116 11611161166 161666.

66166 avoir 1666616 16 vie d'Antoine 6161616 1616166-
11611 66 116111 166166116166111, 66166 avoir 1111616166111
6166616166 (1611616 61166 666666 66 66 616111661166 666116
16611616116666, 6116 666161116666616661 66 1222 611 1221
6 1230, 16166661611161 (16116 16611116 666 6611666 (16611
166 6661 666666 6111166 6616 (616 16 66161 66666666 (1666
161616 666 616166 11166616 : 6116 116 611666 661661 (16
666 666661 66 1116666; 6116 661611 666161616616111 661

l. Dans 16 16611666 [6661611166 61 (166 616116111161166 (16 16 66666166-
1166 (16 116 116666, 661 61116616, (616 (1666 116116 6166 611 1661116
611161611116 (16 166116111661 : 16 66116 66 16 66116, (111 1666661666116116
(16 66161, (16161616 161161111661616616 6116 66666 du 66161661 qui
6666666116 16 6611661661166 6661661616

 

